2799536.60247798
1272784.73719284
4611896.98125585
2041988.21242481
1448509.83570302
1170876.0456534
1049717.51574973
3844917.62935521
1042271.49555162
3960357.12926459
580620.254816545
1743018.69807077
4134505.28366485
2878545.01191476
4690570.45968675
4442502.39398408
710990.311428795
1734671.85202793
1763754.78614791
1827471.23585112
1794359.06482703
1739562.52237261
2015367.27685608
295386.071255903
1398713.26973681
793486.53430368
4178807.89992346
791916.021667023
2544148.27525041
2357655.64823188
3297053.96492732
3297378.68660766
3371162.40062873
2054942.33709134
1008561.15100839
1164449.91485272
1125724.32699654
837368.671074762
656153.40539629
4626340.27528907
1152593.65445998
690724.053817431
3491816.18514467
1312890.94529597
826063.294625045
3826785.86822792
2263452.32263891
5050214.86898669
4383812.7276243
3673985.25766887
2136552.7504978
628047.008706347
4087783.9159362
4475217.05225648
993322.420367685
881514.009971602
3192539.28414472
7543983.34675936
3672096.87863219
4334818.02436523
2770284.67993834
993592.792296502
587259.615704931
3513158.66933826
3728604.92515045
4789602.76188504
2636376.11857996
351550.284435884
640377.904043916
-177544.299868049
1823676.95658986
135086.599772712
4373892.69302916
3547009.79370037
3226283.27564554
2736981.6248342
1275425.29767219
2057131.85728329
3902676.69195106
998668.055405435
929459.505256188
1278905.52695697
3734582.42994514
942973.41870638
698840.350610796
886428.239603154
1745778.52271983
358376.328343774
677952.847807849
5463210.86939453
2392224.45765002
770726.421624803
1282310.40794333
3051173.9962833
2164573.0938897
513387.610749205
1656921.83990647
1701623.21254152
3961355.80970493
1099446.31068255
2746957.09102925
2825162.02450522
3682692.83510235
1443348.64282739
691275.686287749
893918.444989223
3275938.51534706
490824.825182703
4186578.6933134
5523973.55756444
2779519.97757901
4357737.3497594
1270606.29328921
5434130.97256358
3967312.6666901
4168772.17339588
1113823.58539502
3471475.50527014
886453.229794305
3116976.66784711
762492.915213095
706176.85478944
5268698.6290746
558229.101626398
634346.611924317
1500205.58065834
4136069.12814342
1638257.29847995
2243412.87347113
1219962.11853629
3644411.57064568
789644.934996792
1559621.90357109
3177067.082748
1975202.68035514
1225410.78908906
3343216.46146486
1860486.21209773
278254.119805471
4169123.57152005
796895.969001394
144573.773573088
1915948.88533074
1906935.38909499
1971060.48244525
553902.714408299
495130.603986723
1012202.14380739
2485140.6958329
486419.415637776
3901000.1418695
671211.892059356
2299910.75914455
3449481.9106837
2587008.97282487
272342.027578935
107147.756935596
2882471.20169528
2660749.0262572
-211777.243091573
2962789.26140304
658234.732061818
4079172.69249489
5362797.40103753
804412.324771545
924508.171673978
640906.036887935
979727.087348892
3383942.93822442
2685944.01753156
330569.402249584
2210732.74902408
1336570.04878841
1812978.07573038
898786.154483951
4879590.08650224
6570771.83820081
1002210.31390086
891472.716500417
4035293.79421668
2516435.18279148
527463.543326637
1271682.03645224
940858.812775297
1743347.75648524
1235138.7135324
1018517.48230645
4204681.94718125
2158546.34950584
1360288.34898362
1840887.4888866
2919681.62819054
1031806.17373938
1322440.16409746
2823778.97056158
2257464.79169336
1214265.43415138
-6427.15196028457
1724136.64863694
405989.682860957
1464958.8445888
4296904.51108877
750410.638400494
5343765.73952668
2903797.61492143
2490005.87044033
1820635.78672163
838155.887631181
2466344.95921008
4666259.93043661
833075.334800826
942308.495544025
780216.043887046
807929.054011897
717953.804133097
432918.108337919
1284872.65549725
1508692.53899792
4957349.75348631
1505831.16756165
4055915.5716259
3910707.20457775
4388949.99659364
2192767.59674717
3939186.85543406
4592693.13307604
481618.071425299
-462433.937588427
1729878.4279884
926880.419048989
2676511.52918383
1768212.43101999
3838655.73871342
2087307.63577962
1992804.60551782
3690187.79463216
612184.231165697
3795446.82344237
887343.244403414
152807.837315703
978714.961753113
3968266.32894718
4252837.99016729
860052.447117674
1601104.725287
310147.294429703
1531270.8340669
1131596.68281725
1630386.74241529
4817265.95208146
544135.661590751
2434198.20157781
1919728.95832525
2816653.7308121
3171824.05602818
2270910.33498488
2831471.91237995
1055757.82414012
817319.639225772
5309231.72446886
2542306.33151807
2200434.65215784
